5.827
6.545
7.251
7.724
13.35
14.068
14.712
15.219
15.527
15.668
15.87
16.078
16.215
16.319
16.597
16.897
19
19.238
19.345
19.469
19.605
19.713
19.817
19.929
20.283
20.603
21.817
22.265
22.701
22.973
23.08
23.219
23.359
23.469
23.565
23.709
24.027
24.331
26.487
26.735
26.885
26.969
27.086
27.189
27.266
27.37
27.778
28.117
29.265
29.773
30.208
30.482
30.621
30.732
30.903
31.024
31.132
31.271
31.555
31.83
34.007
34.279
34.383
34.52
34.624
34.729
34.834
34.972
35.309
35.621
35.933
36.343
36.829
37.301
37.747
37.984
38.122
38.23
38.333
38.403
38.504
38.612
38.682
39.022
39.363
39.902
40.039
40.18
40.287
40.368
40.472
40.551
40.896
41.238
41.451
41.753
41.888
41.995
42.103
42.25
42.353
42.457
42.663
42.804
42.917
42.996
43.103
43.187
43.243
43.35
43.824
44.237
44.688
45.2
45.2
47.149
47.42
47.566
47.685
47.802
47.906
48.08
48.415
48.721
49.003
49.451
49.947
50.289
50.591
50.83
51.101
51.238
51.377
51.484
51.588
51.701
51.803
52.178
52.449
52.687
52.916
53.194
53.4
53.639
54.113
54.584
54.823
54.98
55.084
55.189
55.333
55.44
55.615
55.951
56.251
56.496
56.934
57.404
57.944
58.417
58.655
58.794
58.9
59.006
59.075
59.185
59.327
59.646
59.988
60.195
60.679
61.125
61.602
61.709
62.085
62.363
62.47
62.599
62.686
62.766
62.871
62.946
63.084
63.39
63.694
63.935
64.445
64.887
65.198
65.606
65.816
66.079
66.217
66.356
66.431
66.501
66.605
66.786
67.158
67.499
67.738
67.944
68.181
68.385
68.659
69.168
69.604
69.847
69.986
70.089
70.17
70.244
70.347
70.381
70.555
70.897
71.17
71.443
71.68
71.953
72.163
72.406
72.757
73.135
73.339
73.577
73.714
73.784
73.888
73.992
74.081
74.159
74.303
74.662
75.004
75.211
75.682
76.13
76.604
77.047
84.632
85.077
85.558
85.897
86.201
86.481
86.718
86.955
87.161
87.4
87.781
88.148
88.251
88.355
88.836
89.251
89.601
89.976
90.25
90.487
90.701
90.939
91.18
91.521
91.836
92.103
92.588
93.009
93.382
93.721
93.964
94.2
94.44
94.648
94.92
95.313
95.619
95.757
95.832
96.31
96.781
97.123
97.438
97.715
97.951
98.191
98.411
98.675
99.014
99.352
99.601
100.038
100.479
100.897
101.238
101.515
101.713
101.995
102.23
102.436
102.774
103.112
103.217
103.319
103.826
104.289
104.631
105.028
105.238
105.483
105.722
105.931
106.168
106.541
106.856
107.098
107.565
108.067
108.402
108.744
108.981
109.252
109.49
109.738
109.921
110.296
110.599
110.702
110.807
111.248
111.74
112.115
112.455
112.729
112.972
113.214
113.452
113.659
114.033
114.339
114.616
114.616
115.147
115.522
115.898
116.213
116.451
116.69
116.929
117.134
117.407
117.781
118.132
118.271
118.385
118.827
119.299
119.678
119.984
120.255
120.464
120.701
120.908
121.149
121.193
121.516
121.554
121.847
121.847
122.086
122.561
123.002
123.377
123.682
123.964
124.202
124.41
124.676
124.917
125.288
125.6
125.771
125.88
126.36
126.766
127.139
127.444
127.718
127.981
128.221
128.429
128.667
129.036
129.349
129.59
144.709
144.947
145.119
145.291
145.499
145.636
145.945
146.214
146.517
146.96
147.411
147.784
148.062
148.333
148.605
148.744
148.848
148.986
149.091
149.197
149.268
149.639
149.948
150.263
150.472
150.745
150.983
151.19
151.532
151.703
151.85
152.126
152.352
152.49
152.631
152.734
152.839
152.98
153.052
153.397
153.708
153.946
154.182
154.454
154.658
154.93
155.269
155.578
155.815
156.087
156.225
156.33
156.468
156.548
156.624
156.731
156.835
157.172
157.513
157.753
157.958
158.23
158.435
158.677
159.052
159.26
159.465
159.834
159.937
160.085
160.201
160.335
160.413
160.518
160.893
161.2
161.478
161.718
161.957
162.163
162.407
162.783
163.131
163.37
163.652
163.757
163.897
163.968
164.081
164.185
164.294
164.376
164.688
164.998
165.238
165.478
165.682
165.921
166.161
166.433
166.673
166.887
167.097
167.374
167.487
167.602
167.706
167.816
167.92
167.996
168.434
168.744
169.007
169.279
169.482
169.724
169.932
170.3
170.602
170.809
171.115
171.266
171.367
171.476
171.585
171.721
171.799
172.138
172.51
172.716
172.953
172.988
173.195
173.233
173.417
173.693
174.162
174.603
174.945
175.082
175.218
175.321
175.427
175.532
175.948
176.255
176.673
176.831
176.966
177.069
177.184
177.287
177.395
177.499
177.768
178.085
178.363
178.406
178.713
178.849
178.964
179.068
179.173
179.217
179.25
179.356
179.63
179.942
180.223
180.504
180.61
180.748
180.818
180.924
181.027
181.128
181.461
181.773
182.114
182.114
182.446
182.583
182.686
182.792
182.93
183.132
183.132
183.331
183.446
183.552
183.691
183.801
183.87
184.008
184.282
184.397
184.501
184.576
184.685
184.762
184.973
185.149
185.387
185.631
185.877
186.149
186.322
186.468
186.662
186.833
187.002
187.211
187.355
187.533
187.682
187.788
188.202
188.68
189.15
189.645
191.514
191.755
191.928
192.069
192.175
192.279
192.359
192.44
192.783
193.05
193.329
193.568
193.839
194.079
194.325
194.669
195.012
195.221
195.496
195.634
195.71
195.835
195.906
196.012
196.091
196.193
196.511
196.851
197.093
197.299
197.607
197.814
198.031
198.336
198.454
198.565
198.771
199.015
199.263
199.369
199.499
199.633
199.746
199.861
199.965
200.268
200.611
200.85
201.096
201.332
201.546
201.82
202.132
202.47
202.749
202.98
203.117
203.254
203.36
203.482
203.594
203.731
204.001
204.307
204.581
204.791
205.032
205.238
205.518
206.032
206.457
206.765
206.881
207.02
207.129
207.201
207.308
207.412
207.813
208.098
208.373
208.583
208.859
209.065
209.306
209.666
209.985
210.234
210.595
210.735
210.852
210.965
211.104
211.181
211.301
211.546
211.823
212.096
212.356
212.6
212.834
213.06
213.407
213.749
213.986
214.271
214.41
214.516
214.632
214.744
214.848
214.918
215.301
215.614
215.866
216.345
216.819
217.168
217.481
217.753
218.497
219.003
219.351
219.632
220.07
220.513
220.885
221.428