17.555
18.15
18.412
19.008
19.272
19.767
20.294
20.591
21.152
21.416
21.944
22.505
22.769
23.331
23.528
24.122
24.353
24.684
24.948
25.475
25.706
26.003
26.333
26.894
27.125
27.687
27.95
28.478
29.039
29.304
29.897
30.161
30.624
31.184
31.448
31.977
32.306
32.834
33.065
33.362
33.626
34.187
34.451
34.682
34.979
35.804
37.224
38.047
38.544
38.84
39.104
39.368
40.128
41.545
42.404
42.965
43.197
43.46
43.724
44.549
45.969
46.76
47.322
47.586
47.816
48.113
48.939
50.324
51.413
52.47
53.03
53.261
53.855
54.119
54.68
55.241
55.472
56.033
56.264
56.826
57.353
57.651
58.244
58.508
59.069
59.299
59.598
59.861
60.389
60.654
60.917
61.181
61.807
62.072
62.6
62.832
63.358
63.954
64.218
64.778
65.009
65.57
66.132
66.361
66.956
67.187
67.78
68.079
68.376
68.606
69.168
69.398
69.597
69.926
70.487
70.752
71.016
71.312
71.476
72.138
72.665
73.193
73.458
73.721
74.283
74.843
75.371
75.932
76.46
77.022
77.582
78.144
78.672
79.2
79.759
80.387
80.883
81.41
81.938
82.467
83.027
83.588
84.116
84.711
85.238
85.767
86.327
86.821
87.384
88.505
89.1
89.593
90.089
90.65
91.244
91.772
92.334
92.861
93.389
93.951
94.51
95.072
95.6
96.129
96.689
97.217
97.778
98.34
98.901
99.428
99.956
100.517
101.045
101.54
102.069
102.662
103.255
104.279
104.807
105.402
105.963
106.556
107.085
107.612
108.173
108.7
109.23
109.791
110.384
110.913
111.439
111.935
112.495
113.024
113.552
114.113
114.673
115.235
115.795
116.357
116.884
117.479
117.975
118.502
119.064
119.592
120.118
120.678
121.207
121.801
122.297
122.857
123.254
123.979
124.474
125.035
125.597
125.893
126.191
126.454
126.687
127.246
127.808
128.303
128.863
129.424
129.952
130.48
131.042
131.603
132.13
132.691
133.253
133.814
134.342
134.871
135.431
135.992
136.518
137.047
137.575
138.137
138.697
139.027
139.258
139.523
139.788
141.964
142.756
143.317
143.582
143.846
144.077
144.967
146.254
147.079
147.706
147.971
148.202
148.465
149.324
150.644
151.468
152.062
152.293
152.557
152.822
153.647
154.967
155.858
157.177
157.771
158.035
158.596
158.86
159.389
159.95
160.214
160.775
161.038
161.566
162.127
162.392
162.854
163.183
163.744
163.975
164.24
164.535
165.065
165.361
165.626
165.922
166.483
166.747
167.275
167.572
168.134
168.694
169.025
169.486
169.75
170.278
170.84
171.103
171.566
171.928
172.588
172.984
173.017
173.281
173.842
174.106
174.337
174.767
175.195
175.79
176.35
176.879
177.406
177.967
178.528
179.057
179.552
180.146
180.74
181.235
181.764
182.357
182.886
183.413
183.941
184.501
185.063
185.591
186.152
186.68
187.241
187.769
188.33
188.891
189.418
189.947
190.508
191.069
191.629
192.157
192.686
193.247
193.775
194.337
194.896
195.458
196.019
196.513
197.041
197.602
198.131
198.262
198.494
198.758
199.252
199.781
200.343
200.87
201.431
201.959
202.487
202.783
203.047
203.608
204.136
204.697
205.225
205.787
206.347
206.876
207.404
207.966
209.02
209.549
210.11
210.671
211.233
211.76
212.32
212.883
213.409
213.97
214.498
215.027
215.588
216.084
216.643
217.205
217.766
218.294
218.822
219.382
219.943
220.473
221.034
221.594
222.123
222.683
223.211
223.773
224.301
224.861
225.39
225.918
226.512
227.072
227.599
228.162
228.723
229.25
229.778
230.307
230.867
231.394
231.956
232.517
233.045
233.605
234.135
234.663
235.223
235.783
236.311
236.874
237.434
237.962
238.523
239.017
239.58
240.14
240.669
241.229
241.757
242.284
242.845
243.407
243.967
244.496
245.091
245.65
246.146
246.674
247.234
247.763
248.324
248.852
249.414
249.941
250.503
251.03
251.591
252.151
252.713
253.208
253.803
254.363
254.858
255.418
255.946
255.98
256.508
257.069
257.596
258.126
258.686
259.214
259.741
260.335
260.831
261.358
261.921
261.921