10.983
11.053
11.098
11.168
11.338
11.676
12.016
12.347
12.499
12.636
13.754
13.899
14.104
14.447
14.786
15.125
15.362
15.551
17.21
17.349
17.557
17.903
18.077
18.282
18.632
18.775
18.926
19.927
20.095
20.299
20.639
20.826
20.997
21.321
21.66
22.033
22.348
22.689
23.063
23.232
23.438
23.578
23.715
23.926
24.097
24.27
24.443
24.629
24.8
24.946
25.116
25.428
25.788
25.994
26.164
26.341
26.652
26.829
27.034
27.239
27.399
27.604
27.743
27.918
28.197
28.537
28.73
28.931
29.101
29.475
29.614
29.816
29.986
30.162
30.331
30.469
30.647
30.953
31.325
31.465
31.636
31.81
32.883
33.087
33.463
33.764
34.103
34.249
34.456
34.596
34.937
35.116
35.296
35.478
35.651
35.831
35.969
36.146
36.683
36.857
37.032
37.206
37.347
37.721
37.865
38.039
38.209
38.347
38.885
39.23
39.59
39.762
39.933
40.103
40.445
40.619
40.793
40.964
41.136
41.315
41.451
41.663
42.189
42.36
42.497
42.702
42.837
43.213
43.374
43.547
43.785
44.128
44.265
44.507
44.783
45.165
45.3
45.479
45.651
45.968
46.14
46.276
46.48
46.625
46.83
46.967
47.173
47.748
47.884
48.062
48.241
48.399
48.734
48.905
49.047
49.251
49.421
49.598
49.936
50.278
50.649
50.821
51
51.171
51.48
51.664
51.805
52.011
52.154
52.358
52.528
52.699
53.204
53.365
53.537
53.682
53.886
54.367
54.516
54.655
54.85
55.14
55.278
55.46
55.832
56.14
56.346
56.518
56.66
57.032
57.17
57.381
57.55
57.736
57.915
58.064
58.248
58.729
58.91
59.083
59.252
59.429
59.765
59.944
60.149
60.32
60.689
60.833
61.007
61.348
61.683
61.856
62.035
62.215
62.55
62.692
62.865
63.037
63.21
63.381
63.555
63.731
64.273
64.454
64.616
64.77
64.944
65.283
65.459
65.631
65.801
66.243
66.381
66.52
66.865
67.24
67.385
67.564
67.747
68.076
68.247
68.416
68.588
68.729
68.937
69.074
69.249
69.792
69.863
70.022
70.16
70.364
70.502
70.839
70.978
71.2
71.379
71.695
71.867
72.045
72.382
72.719
72.865
73.069
73.209
73.551
73.722
73.897
74.067
74.24
74.501
74.651
74.82
75.262
75.397
75.566
75.736
75.948
76.494
76.932
77.474
77.612
77.847
78.052
78.459
78.778
79.293
79.731
80.281
80.654
80.893
81.466
82.005
82.48
82.685
83.06
83.739
83.976
84.312
84.808
85.249
85.63
86.202
86.682
87.158
87.53
87.847
88.152
88.328
88.601
88.979
89.15
89.495
89.633
89.936
90.315
90.486
90.796
90.949
91.302
91.709
91.861
92.201
92.339
92.654
93.063
93.232
93.538
93.711
94.455
94.629
94.968
95.106
95.478
95.84
95.982
96.293
96.463
96.838
97.25
97.4
97.715
97.858
98.196
98.432
98.602
98.747
98.922
99.162
99.298
99.469
99.607
99.948
100.319
100.456
100.613
100.801
101.145
101.28
101.451
101.658
101.829
102.031
102.101
102.233
102.376
102.747
103.05
103.227
103.415
103.588
103.899
104.04
104.212
104.449
104.593
104.762
104.935
105.077
105.448
105.79
105.963
106.165
106.303
106.65
106.79
106.998
107.213
107.386
107.562
107.734
107.873
108.216
108.588
108.759
108.937
109.117
109.395
109.566
109.807
109.964
110.107
110.313
110.497
110.634
110.975
111.35
111.488
111.665
111.836
112.181
112.352
112.525
112.73
112.866
113.069
113.208
113.402
113.779
114.083
114.255
114.464
114.636
114.949
115.122
115.329
115.499
115.681
115.818
116.031
116.171
116.545
116.889
117.042
117.212
117.384
117.69
117.845
118.052
118.222
118.394
118.599
118.734
118.91
119.283
119.588
119.761
119.965
120.109
120.463
120.633
120.835
121.013
121.165
121.368
121.507
121.676
132.353
132.494
132.734
133.061
133.382
133.726
133.866
134.08
135.091
135.231
135.435
135.814
136.12
136.496
136.619
136.811
138.584
138.723
138.928
139.265
139.437
139.644
139.973
140.144
140.315
141.327
141.465
141.702
142.077
142.23
142.401
142.705
143.083
143.393
143.731
144.073
144.448
144.585
144.788
144.958
145.304
145.445
145.625
145.83
146.003
146.213
146.373
146.517
146.862
147.202
147.377
147.547
147.718
148.035
148.207
148.412
148.584
148.753
148.962
149.099
149.24
149.59
149.953
150.133
150.339
150.509
150.815
150.96
151.3
151.472
151.679
151.781
151.987
152.023
152.368
152.712
152.877
153.053
153.19
153.402
154.242
154.413
154.787
155.126
155.447
155.626
155.831
156.013
156.335
156.481
156.691
156.896
157.068
157.212
157.384
157.528
157.902
158.21
158.352
158.562
158.732
159.079
159.285
159.448
159.655
159.829
160
160.306
160.649
160.997
161.147
161.353
161.528
161.832
162.002
162.179
162.385
162.564
162.75
162.884
163.055
163.593
163.731
163.934
164.112
164.284
164.592
164.728
164.967
165.149
165.525
165.662
165.833
166.158
166.495
166.67
166.845
167.017
167.363
167.534
167.714
167.885
168.064
168.234
168.372
168.577
169.083
169.319
169.319
169.504
169.673
169.816
170.157
170.33
170.504
170.645
170.677
170.857
171.033
171.204
171.344
171.682
172.022
172.2
172.38
172.532
172.702
172.883
173.054
173.194
173.371
173.445
173.584
173.761
173.931
174.101
174.608
174.779
174.812
174.955
175.127
175.297
175.536
175.856
175.999
176.208
176.549
176.689
176.858
177.197
177.568
177.712
177.883
178.059
178.396
178.567
178.708
178.883
179.075
179.215
179.384
179.532
180.11
180.246
180.416
180.52
180.666
180.835
181.163
181.333
181.506
181.709
182.046
182.193
182.356
182.693
183.031
183.205
183.408
183.547
183.888
184.066
184.273
184.447
184.594
184.765
184.904
185.079
185.645
185.75
186.089
186.227
186.398
186.808
186.979
187.183
187.561
187.709
187.883
188.259
188.596
188.78
188.93
189.103
189.444
189.615
189.764
189.939
190.113
190.286
190.395
190.598
191.146
191.283
191.395
191.564
191.733
191.871
192.204
192.364
192.535
192.711
193.095
193.301
193.437
193.744
194.083
194.255
194.437
194.576
194.98
195.117
195.256
195.463
195.853
195.991
196.601
196.74
196.88
197.084
197.367
197.842
198.313
198.907
199.079
199.315
199.788
200.108
200.679
201.117
201.621
202.039
202.215
202.86
203.404
203.877
204.114
204.453
204.796
205.002
205.593
206.166
206.676
207.152
207.592
208.039
208.52
209.034
209.212
209.553
209.7
209.932
210.306
210.477
210.817
210.998
211.313
211.705
211.852
212.196
212.366
212.712
213.082
213.206
213.577
213.715
214.085
214.46
214.631
214.943
215.104
215.45
215.855
215.995
216.299
216.471
216.845
217.247
217.415
217.698
217.87
218.213
218.661
218.864
219.105
219.277
219.579
219.784
219.959
220.131
220.301
220.448
220.622
220.794
220.971
221.288
221.683
221.826
222.031
222.168
222.545
222.764
222.936
223.091
223.261
223.431
223.571
223.714
224.121
224.464
224.497
224.647
224.829
224.967
225.347
225.53
225.702
225.851
225.886
226.027
226.164
226.336
226.511
226.848
227.185
227.185
227.363
227.54
227.681
227.889
228.178
228.283
228.453
228.593
228.633
228.804
228.946
229.085
229.262
229.605
229.978
230.15
230.32
230.461
230.732
230.867
231.006
231.146
231.341
231.517
231.691
231.802
231.977
232.014
232.356
232.714
232.714
232.853
232.925
233.095
233.232
233.404
233.574
233.747
233.886
234.058
234.097
234.268
234.409
234.564
234.744
235.115
235.496
235.496
235.668
235.811
235.981
236.153
236.33
236.483
236.654
236.808
236.841
237.001
237.143
237.314
237.486
237.845
238.232
238.369
238.516
238.657
238.862
239.034
239.175
239.349
239.551
239.551
239.732
239.903
240.078
240.25
240.628
240.964
240.964
241.156
241.298
241.468
241.845
241.983
242.167
242.374
242.512
242.716
242.86
243.303
243.614
243.821
243.961
244.131
244.276
244.633
245.779
246.113
246.451
246.632
246.804
246.978
247.859
248.569
248.908
249.245
249.381
249.552
249.725
250.662
250.662
251.294
251.631
252.003
252.176
252.314
252.52
253.431
253.431
254.113
254.466
254.802
254.975
255.146
255.318
255.664
255.802
256.008
256.181
256.352
256.5
256.672
256.844
257.183
257.531
257.736
257.914
258.084
258.43
258.746
258.883
259.023
259.193
259.33
259.466
259.606
259.946
260.286
260.458
260.632
260.82
261.201
261.372
261.543
261.715
261.864
262.04
262.212
262.38
262.719
263.031
263.205
263.377
263.546
264.061
264.243
264.479
264.65
264.828
264.964